2
5
2
3
4
2
0 11146003024132113906144798349999215971757515044782225063323638889330660588882 13233484879703000916434571485599832021561450966706693025422681623560386720203 0 16163086018515622587744013385949989219799697341046833697093556118316489295859 3842649472734365147213706481963495271767663634200981183285485888976900394813
0 7297136179308163382600424476378825688010125910512572022085937615231533657906 2565775828664702651641187319695014730349699286148437617810305680339128226786 0 11951720313263797604618098384866586922213795206355342890167865116888635341542 8924000533290543289930147912528549348666337313979182668616825714302359775135
5
3
0
1
4
3
0 13375581859124414261579714929038995224942266615489329048307254514170401111612 9825640132811610338059658570235058879218674476975668739563481819697590645944 7669396337287344817578319892513331279778457773852618458912474918908751716699 6272327872542833914448462808773282854521468401308249190963132926975639525774 0 1891460285067657260953294305820096385643935191354441413733026068681448608929 121896741749955243936784168961359050272697385046598935211366844981667309158
0 1044867272992486512319465597645932107841140274093372502740388156232813008234 2312587237257614911160016995437544827001263788541860177375495912014724607988 1685107050617400357662594003696876102128051174005165027246600156283240780561 17010455692313095241340976111894698667677761233240857190187879583072480098374 0 15299151367379821245675549288916760514474717009561717511173146218057301457328 18298899228775700142426289736556401544648085321638091551233774781342537604979
0 20923705544391949097199408313454755289426935804177740572220097269507275061536 9268384795039635608446657875808533173419410671483259213424417728363585619969 3211710056611819086168357515211694959514698025424673439143000025938680684732 14575077093202839971193043305944601281864454410476752296285538881034509258232 0 4650725065487904382628296432866028613060943427727594403631723999968387624561 3388060936345904671711022039362274033905779450886875500338488560159883497270
5
3
2
3
4
3
0 3668816000753539206847278816687770052143111984646596759139521191132894331294 4320969905324702545433082557490439104120664714023463665920683717204362934555 0 12279313410499418588386348135959779496959448016123341560771942481396641029875 12534870846384556907791690883989297760193426762718978727020634545097121205956
0 5296519194278439272339211810090779211743553480533394110772751989221928133838 1703286401301970930612306907663008177960872964973521555647094231409260630025 0 10593016961743958378941685097749631718845777964105338836332925107615404416526 18970101170102855462558008456220049432081195744041170692095664228067983324886
0 18077098055998825326762831669008228370525932409271079581766305143916425217229 19237991213863417947446171523540150198783969612652395049995339291962124893077 0 14841442494760165121074700414664062930412851522102571381307569133323431930683 18326647927768477371851596007542922152546622322122497299729059752160707606812
6
0 6350874878119819312338956282401532409788428879151445726012394534686998597021 12701749756239638624677912564803064819576857758302891452024789069373997194042
0 14877702771457304329083619670376642558891907922509087893583287821273047102318 10126550503203495020173329687009107558338638351698292855666341942061560829828
0 540197017384215396178533584034697186865112544235821232528055795446134219590 14731135526185693315064562536459081071240939024288791423498612587790187469754
0 3150263510506894159418442605187931347753795144261665011274579959311238342264 4771574560063075774334801168374059983598796760491938312890613827578329526340
0 16813133985983700571836107800907723611135122734650830032286007485575201239049 21675476259094351611838976862004950330681927933088394798742670328220053362559
0 11368812763198434033344518148550358906961319628003919843946931460713264184405 10780152318484864592879558286884881904983782909959094224121364553361586260599
7
0 13047860705502554843821034899677726019634098838102403371721634782476379214969 20167374238972253417994688728875274619288301499608719833302605832163059521361
0 15666155978291708390269981544586796690470979385773876027271517784831776419006 10159475992023134492868047590218712948696209620653690154225850009025239374516
0 1541420210591268452792125561896021325495723941230296882671570020102384066998 4635721873442392970669258238760690268772448107997323949324135926050970017094
0 13782590412736117502555176956028774365110442381331851708032276330520483863021 1315047367697080907052077465000782661740484939157790680100895190014519610832
0 3067849986790356280800919626924393959025135902510789327437349860200615362667 19971909188150503156031379243735184609056935860777766762037469952801360291986
0 21407646345498901914431564475798533050520583438764121657071078905648891935742 6508820111051596522465928852107043127082921829756868073974426893203220757689
0 14904795982349644821183948079748914264511230506339953907933137494811584397191 13463984289017277718957721161655206908221028549463410137835110057230877829639
2
1
2
1
1
6350874878119819312338956282401532410528162663560392320966563075034087161851
2
0
6350874878119819312338956282401532410528162663560392320966563075034087161851
1
12701749756239638624677912564803064821056325327120784641933126150068174323702
1
3
6350874878119819312338956282401532410528162663560392320966563075034087161851
2
0
15537367993719455909907449462855742678020201736855642022731641111541721333766
3
6350874878119819312338956282401532410528162663560392320966563075034087161851
1
1
6350874878119819312338956282401532410528162663560392320966563075034087161851
1
2
6350874878119819312338956282401532410528162663560392320966563075034087161851
0 1565860496236337721192277588594172905833693338291301850598914806982281328942 9099286118185644420574624468207255009257398966714070209453688926497103762596 21780873071251127518520845630796408234743891816287649412740605657278211871927 5127783150040859584468036767838300808072791026629505920016762483189268745906
0 14544844574635237456881581994840619015612635337423494890359534151260383623966 13273629988305905851292011238291143391291519917837077762149992948970569426747
0 15211996768963952356480202243772552276860471403855639033755011174766857750787 17982265472524912857378247330098507475999007793566082156721066156857527403072 2896867773089992744962213403148439216423102750857960066327595694945397002490 5320786484850384160322359159639518559391399494402711797267522711032008514157
0 16977804052544818428750486158618902555377971957749233777363164667520616537029 5591827959929217180430762424955821008804903482643914587586025069292212404265 7222707016326464360728992333676543898132435979123241267804960376774934407607 9743781504184053256471840979016950434778404303325276003509068556419021126713
0 9617484438949748826858785864014262193936834753487763377813680004194869342465 10364416937678235552693994934873033438214167696686863301194347947110673981271
0 7247399124243958519386220937753275076216957038414006979752782043955209355923 20474289808662982347557001996834340285670729125204964609052521294565729059550 10214711826570243619207726940533805638737380349454452350792281993318331148391 5686901574448491212519311330489691979690469778582245262442366358475850269827
0 11309713121535564491277937207359936568986509807105088639692611010899348927145 5335871636203509432083251954764864091123649896439765572590959141076902142299 18946045513369037171649369565492025849079206280191577916809511775221305690259 511646165005967997049412901114493058422096764783718431999707667641868339206
0 18244559864818685389423325083795354789870531174168525579261723092597889225080 8814822873779302928272561459347073042381493805476848723943486513606315803380
2
2
0
1
2
0 21293207754744237125644307373585340622265115741272388942516086176198865630240 9099888871728302250281849026498478519249270998021338210981032061907961208902
0 17895553299296517281783037686503495678613277469530481112593677085380109901831 16668662219566745487762798788283005207713142337849890669761522317155263126762


