7313355272341608762745303291285018726196435647986794253694657382983925539622 8722714929855041170373196598562660888718171615778099536485842498264139485876
10381349351328683571772091326345243618083033950539590659557074930534227804221 14684064623089016536375950167361167436658002407816581076669105688164589089594
1 0
8529588346464690502741551228030666730067228533681076466941767408049423658613
5529705682785023807715690273791542292825420014537102884589872935129803236274
1
4111119869332565219204401186348868242857784906733980358603515966913429851016 12547433680182673420330347716847767000761823201818762867436048155484972479247
10480085930192125243253345793588319281249265929389814130732566460164408090119 4509881941309662429899672185831094653222202160833303737346618106385396596904
1 0
21733865781444277895591578167001850367318977830129544232424197398567137733779 2470170060288602274821916030414594837094502683131497480567734686911292450809
2488885653812298834104802355395688384626383753109970044959240298539152576005 17387469259114434810347370821079401045749575756452890757024959469758310390265
1 0
10604169323463764893127810809242589272049144150031009607730324526789795815411
2913352516556671310641464611127953033426730291248418542843892686335149138305
1
12649865890861635582173115045779954832059275993909824603595143943477854286235 2443743736247186589966047701433301328824092184692879538165697130564811940430
16664029078561062025996907878576907136059158156901694438826047545609624367124 8184609727656685768975741112518245318814499720342934381662054024099157551596
1 0
9412809796263631085648362477583684347790756935933785479775837250235612465357 15683869063947993174600001317280134752229954213010173923073800353249625711067
5673360578464957987959758606417138357917606460343837171501396559011181178824 9719499259704347758878536275714080248030830289592397278272236157996850760459
1 0
3
7271236183065224726952543534628038697832036118689118063652561703863950906498
6112583021659969285983718303921578247936477300411647235497327253183657645080
1
11035477853112300498902016898969739086771550440586544633212505579133167029798
3976326715163692759702423826878903096648812097484283961712357261303495605110
1
20086166278410323501238460437876059231663411265056918079907910018156373629919
12381848435644255093057122997440529792148688817336150263307241486565732027093
1
