2
5
2
3
4
2
0 87297804710151039664966273768828355891522038960415821838616750701753071041 5208076336692720310337719758697925005195595962870018274582864380876146395488 0 5876245406203984231923161820322944211845300010827226935225653315810434957811 2191083693059452977019015058442591633651921462151443951434189872344809165013
0 13680746338289040928712114584315467999179495749040079388359388471717096576665 3782646176103236737414000817540013864588921110987856129145999927632572143446 0 1177463807051504261352078097821608637600314898631935041188938766206129302029 1920781938021567706696964282916050594861243167335870574557288921424159608660
5
3
0
1
4
3
0 3439049664167154550301930427928159758158321639979005754633873980203892033010 72708211087154249378876603537087145857686097535546012416106378480824218493 8586049115897032079032284448715794750420576619529429095361149012064580981208 7382976850328801734000562657732790451281929167277287173163005243147854847861 0 9662808743781007138257547689645816933386840137785384047512950411439712053249 2694424451341781181465575739275933976447970345929657540578140246386134281831
0 6444904389826095518354053939869932475058443139417587467967533542596623970482 1955337285963853553812622039729715495799289246923211930816580757141291598564 20670280785235657441217420442125473358327474039235436438695427202575303678787 13044968236500313040814371017950677233639453236618945911630385707513429651446 0 1815185201329296116736343225794820561976226635508875234567949675897482037422 18446950206015199087736235042148931850768149321292593439362011896727459383044
0 9055593978518406828524621768545641535373607588558858360929748784976278943490 19666845106500167230620665954774685869964372954805645401124106603668177927972 18262601345085657679132356336122686877251373278290824479186055130854178036147 19849623713281567345663600770839468092711372465611704492296682933712649963252 0 16814977663384599051874308463365324890913161668230308263659212501223294391917 21774525849395756070259988222984025632217337717303474159669822811345093563490
5
3
2
3
4
3
0 11885058430665685574087134946425437425496989018188720756063360607802591783173 15032587505505728479466113749098371645394239618989677579539207991334102911326 0 15469392466835201728073945279736022356927919500651192001830749743731036333143 11839449354762887799162894386663384579447023291415034780065511723680356811374
0 20958663654460169955709191056255161253419280217776372583860802204140669155208 11700476656157697558210412406061419487075591791230797456054582334994331373932 0 20479989662104160187941383588961008684535387475165894581950283649916793677229 5493965370026456914302748400738629509400058837502669765423160173513100274093
0 21756160790531347855097512566120149028889652268966440126294172146572843379712 1100418287293424641195097831793627221063268881772717193513870378687492346875 0 10239198949964024289410064846193626419127524244881690083772770081026564215672 5039690183697383331765949049733954210623371575466350178894838749431648453412
6
0 6350874878119819312338956282401532409788428879151445726012394534686998597021 12701749756239638624677912564803064819576857758302891452024789069373997194042
0 12071925934288908569996856500231762635928860899113334705675019047395780194866 16072818549575533036025669626297599140093411681362052488417515043441290912645
0 18427794936290279235069841302929185858097154306742394679527331384395005199825 2274932828664941900726472372551134449139263324184917541801577178930153438467
0 21188200655359942808486757179058489592970807590333607457093555809263176004152 619276146535215600823611265750653879051934041040195712102304688288897511693
0 3351952662950269726642222870289236638840743948621177821215751599110305407858 15210969499584269914085908924071531226397637696144333602042082877624418620640
0 20735222355940889011277546981916887692723437528395372762472110817200015150667 11479439599186611839173874349552898142250110597776054750606715087264274913629
7
0 15855438424794392763096605668509550309837143638664759615916500142594140702345 5539896906032677545705252957020865338297282615120221128644719029830639163995
0 12301978803497185005028704632250953438511979058693382438033504579287973830897 4981360340028368149382016890538857387555594113641033575614103047483174648550
0 5327430889885868497568588752062915475503519945175586239677724678767009248363 10957329499868756980429493062840117526199482190372557222684992351069885494165
0 8223309280856146050448865744242984733892000895185183399503913501895914606718 19939319855665570896100840477385197907258843047943528540323358344098313587582
0 12193137438981623233734396755380269649773780309386860906568105450706601243298 9668908708441584957173542573191570963035208104175186586330593661429529514833
0 10688258623561549570693120459545579726392485648642315786938725855855984554232 9544617311231280742036308229941324229460765859825284623707819767816109275854
0 10919839120361833435861871753780862645778876610202527567652550167798437636208 12068932506209957159833942194734394952493077799164491085124836700981417678687
2
1
2
1
1
6350874878119819312338956282401532410528162663560392320966563075034087161851
2
0
6350874878119819312338956282401532410528162663560392320966563075034087161851
1
12701749756239638624677912564803064821056325327120784641933126150068174323702
1
3
6350874878119819312338956282401532410528162663560392320966563075034087161851
2
0
15537367993719455909907449462855742678020201736855642022731641111541721333766
3
6350874878119819312338956282401532410528162663560392320966563075034087161851
1
1
6350874878119819312338956282401532410528162663560392320966563075034087161851
1
2
6350874878119819312338956282401532410528162663560392320966563075034087161851
0 2654093714756944198181937958054355176146596607017312641346046946026939061705 6184566569037560594408323619636447451807322556120673973940078792492495952964 5335785579685938190696122310491330137129911383284382784130314341085678251953 7164336022260037523703333919161814593715152481569978001499607318855456915475
0 20885648985551730715003278548716388211715932047409915480194275096958498375156 4307582433801148853675419036848695316596108963898071486099945655893482971738
0 15933280918067424700608791288015326509543602955278990068033106912691312842065 1144980637868587514664142269976274795421305610455699868562333773296882124050 16640488665536649587451452273906745530076047530605072893541242340003555489922 7988522237158725570512854232575412272630242172230487827255330467497773051171
0 18271540549159107073281475778075104226373404773392770038764424118995028486583 19910126710063927856905506863771102864947315577658791759515894511359009745444 12572263029755549648078874517801604966649313124751916535955626959238317295284 8211737871681051296337718685293073345093263182874469802816126277646553342898
0 3462917271245611272477958914647806187628673492787943782799158465297096013298 3654209937881678479595155708280729668171643216806299475673927552069631793076
0 15116421617920727126406657831614692511208129274244989232240305696216062600239 5273964216879228493261980661790428516484310802098641950992992417711486400312 18983846597668119175425760409458208535503156275434305871217944146365394227776 20684026201508135634166118564035457600908812360527544394180881836395063768089
0 9123219852976111710345196764777035600130279663409238810566297991786956085773 17836149712981904624920498510271450676434028814869018807381597829175741394187 417402147852220265231214081458224975454075497600465849780127950291363337289 12237518603124883118195135301908619004247692293393744117146473805360462570025
0 4513969296230716739436477197442023765385825327459411975232223326322161149260 13206765233726478780895773004159043217903733340226061776297396622025477278717
2
2
0
1
2
0 5641631969350730787090024893325879505219045467009291611581219217213600501141 15985900512234689540776603839078228334662138820212533463243245369079304332874
0 18264401204813103197445840503071228129785656737274386595282525476823250288207 15619412362424063969663562296905522247484770031443472900404140957386072582890


