20098703010740149942210688658937467639126711918188575933093719726045648276689 21187181011350831903383887713130822507611161486528894689589460217091336978941
14452924693323687412054291476102041635558232696460839549411764959606445520956 18082419836023792868944221727560938365286142298903029423314834247358394374077
1 0
2775614407094407623756638269057742066526810080277871915775149558329052465878
18092603236358997824611179208093846934112325815806920863090724277681923135012
1
11189296290491781492885348908733432850403061897421814099155116227355148574707 10864624060072746491828989156751373327669782553197648781975292234924781404061
2900925966670941957858594393806366607368160369533929162929664263938001211502 4850505631426147963466659955929191718710565015662850490797879995362035276388
1 0
3643850707831456236107954981748832593144061523584074232332439364322999359693 13141799761074270133062587190928940060017938087713266313306608413420494139683
3642851957440521327459891114365933310744924335955244696056765313198516753362 13467746898444757209423033345616737947941447759107646343759556791571577188543
1 0
16516663405698145989555660754053310313653144511044857285437415684276554457889
2893561088747628131581547271273483836311843484726810708906477235301506651573
1
10731508331921871503928081282562792574120595397425285005536789445722642676572 7198576662755086640288599717330909407285802176280486549304078792130033773438
14139232350948858890404797470110868792811992476067032103441333591570295411776 11475652894792090900802459599167424466057459631722298539905778836142427502816
1 0
7959200273700994427729889178096978603470504685078477230561460725724196717253 16978471239564435493064049064400387952946624903094156084896783624850804177117
3585905558748746760622135288328774963262756684083151644738656564132155792501 20727725576032502755003009294990768809719901130768377023684062569452721696630
1 0
3
2817291703128225607344627034163121581089377171134900799827698949386119796844
2317183134182913284790479406297472306757770944437518654234034691634694559186
1
21232089531335538990322935915133426376418217754958366513499251254284600071455
3953727382371197139083270424305811983195984747615661103652276538484522967675
1
7393656821361084787413235021367623511768359504423227040243634434866167326376
18623789708067079262405829144894069843906746058304773482535378251895036696251
1
