2
5
2
3
4
2
0 21455173901600565870502310550913589876918995082187248792025296237536256575932 2763804774759408393261372932704691000249738721864598570795090506094183302169 0 19714445279630265665486355939503000900684489980471323563517573438314111074413 9210498777942297386197154549732268165680358511208303444923226181452780529997
0 2726538124733438766852052638990111064168298126299603766626890790109886840048 16440552495349483301341341007482222651295281404635375329934743046063053473348 0 10181416831220070294951920441740881833779231696653511663751720574124505160973 18573652896131363755861447865105555637541345034211521824468424792845569514864
5
3
0
1
4
3
0 19542347507687830036196444259535683635200257972810608520548143266108739516694 3291818556623687492299691349554958244707892044553672426342044031752896719848 7119862962964278403606325219058640540408097184333987163389159734521669844150 13360595822859121803237708601801738853455347660740824427776418850912880275758 0 4183630853549019390980882018458599042432235837033403624899610319205464238309 18908028977288324831888216183797869049098934351754610192050541980890985226095
0 15049414667699481219316890938976372009381707549976046903581125440066979346501 12251413688588903765163999511168849711947479998178065870881134065840480663489 1605108701180775344992044069649099388248860653985125590101929354995494990265 7939503956578623320167875110906668440578936723826647052371503313900139840624 0 13190126370583754305632931357735918593554473442969370748951877477497754973289 7181223934026833057821045644765079343358404270197907122757400382072296831180
0 11828419742122733117240530729722857953873990090938292479898095653570481100514 8124125076520079317892667852604720935155211477497844655266872902978708801199 13599700678839080564801914651380877018218709892824558979679498886780216676844 15772519139359870917341073704768636894542174234609755088079117154332852813611 0 15652528752463128739508731956010120187740116528166551849710640953335810706896 15701264540487722238747423716838947032924259249000410753584061225683199004005
5
3
2
3
4
3
0 18933746836268149585422867568817492981576394123991363330729153137756242812356 20612949275139935035784576299342669268084818416886710787777037689181543267113 0 12506097505578147365701941351833954899736730341904182161623209381991556230508 4618508719921214658629422745554032418811709565921706628617374798415092184102
0 4086589085976756898915262184080410180412332603073501108678542317538975808221 11049041136210504623683356184632541414354436976094184412808567922098854189470 0 2274110511346852721125921250627208938098872823040800439674219150586596344113 16620949967531272090335335274886814461114229996859545410761643988697406791224
0 16965551818263872696109282999179287844973556299431402276144148037898457081449 9900388221803424701302429657713842699266793656122139842457489009568562758563 0 855925067453047936381560701192380219069242066145083580265366106651756437733 15980439213386050498016843558900134240791034765897076536759927251797800791461
6
0 6350874878119819312338956282401532409788428879151445726012394534686998597021 12701749756239638624677912564803064819576857758302891452024789069373997194042
0 6508908264001600972973040128312859946514401857803760570249806570447601516908 3699153657305635839351269404355929453388819171691662772426534111482810906691
0 10816227303367534065644711380094906939968064466633185472196464801619737194937 4338142783929268574520296238357914989697946030253435615279104691150499904932
0 9819911151424625854827266089871430086697354993399292794070069999387634192606 2859986345579540584034064877639752954385542980320516297935774931934601409925
0 13078080586092340450100926058409533235975047439897708713591573211713128181650 9241377243431988741065446703629516913149528708113615934744578193325962482522
0 7819572313212416697048074955468787302682896765676123861968442358000761145693 1920695816268341582664497071525346030056846463408205368714615923404241291414
7
0 12611286661500920461594509993011827676862015174083218050347846915501750770729 14130421300636107911795947632189191599679622651280597741897959992711025603792
0 3733638473125021357881207712576730415497979039934272535318792374209018386624 305062090668086737784473241533569031595666110674592839395025036195916953318
0 2032834450396204900781048315148830034669845716600722752072373887658783801170 21661445156797594159357361536300614715094517947740348121155695526738517918031
0 16583178181683237314632406758290489521973986098245248735223770225229178751967 18058675471279169728184739894806692579634419159796866923584172618524456300644
0 20736314586521391476474057991354170530669019392054954157109560556397410136645 2775285067415572309008431268643282363472366358697829909144652261715007659383
0 4752036611377741538894938908624147202541122363508867310763013900024267535352 6384990757203184670407575127838311731312916670079131289287995384749478916062
0 18508452556935481257116657941787669392211413410748834125919072782834553138184 8342745417053961606832884973417656904385507404796584869199591752866398100382
2
1
2
1
1
6350874878119819312338956282401532410528162663560392320966563075034087161851
2
0
6350874878119819312338956282401532410528162663560392320966563075034087161851
1
12701749756239638624677912564803064821056325327120784641933126150068174323702
1
3
6350874878119819312338956282401532410528162663560392320966563075034087161851
2
0
15537367993719455909907449462855742678020201736855642022731641111541721333766
3
6350874878119819312338956282401532410528162663560392320966563075034087161851
1
1
6350874878119819312338956282401532410528162663560392320966563075034087161851
1
2
6350874878119819312338956282401532410528162663560392320966563075034087161851
0 16233410758559841157378188820952720321306157062665303746567677461930237471584 10224746504104690499498241816392630484383020933599508565150837483695173131344 19299700325697638465520494464724173630257760241860284900583705566586259548851 10064547023140812149880496669268160047474417137845969641353670003894060242786
0 18379389112819815727781618301275792785741368458994898650527113980729118241831 14675644604259564557968088147306416494123615909492797578063032261483622812946
0 8144148941659112662015899496308865196249587929661801355660403201312255207808 8565765151146017179877936630563068102025963020121095628842096056372451628758 8892985454011608350086828609898310245797096255911906279769489247323757205350 6873029897667411038768600220203795568724648873890643725359299357236914292374
0 16371885663578599972969980109722846455786760615546427963502556982233449523323 3492460530613440080953591843683257009522724287498105104351533501406150559387 21709725053714877586186647804954821594950021658165448245475401184686735808492 11743162484938296286185099616648828311682116989561457444013511383443776106307
0 9561573741401741532892248974139969179418699750844508156488869777991299184009 10374396718033284291262253816957822560453141940659469985091243581514851384565
0 614415845850848321688334713973641422189420869847655344739676018334360556046 15817824565312228346383327156696955160312216922239133169078012236883895334027 12670306410059500652425867247862260699919053986277734291684149839882251086154 15964888486929375174037871485651213083990657788193388860188225935390440682545
0 19087592690249961132500894232026696973076130388989256603634495340472015012384 4394771183900919119447695034774837850860980999346229507693058209327707952566 9401003799268791657860139784685644190651847004255188312569627065312413750409 9155995374243025812001393367230305938236022397063097825758296919223736583625
0 11821462683031619944595953807706912017289495894267624161474660321628562987746 1185197988833198307199501412306790261204229158532652565956787849525021267944
2
2
0
1
2
0 10082596953725202585675766984454305212714126149216902991449143070483314646118 6979662825924312502017029399841285028811864543158417296316845806689603735356
0 3145462495547154007337185357939813594202247071058570970318519020200090303772 7314873620681354822483834450645128919051858992741374692494493107557015039333


