4764065051020879212577104188694131132817391553419614303855444874085135840719 18702283330627678159353389986880261059562291303071709437398131979203965272889
4254337794973815669914921443280477873252589223911214826608541865875883258201 8451515115431536832245428402163567692744620921906184001541614226309823268861
1 0
14984588687764394992652387049247273926155359119991285507795312241928181163473
19443749932733418435355919014242104334543098748269867684133884528272713385582
1
5625231304434695207927912614521521445314669530807176949617334472703196535619 5316241848629985814292741589344536130664091276629014872500260282250711490065
16001684204620453452651746987718023366725109569800366230757654958307884507355 5680505673077793733397712622003572864556960604355049350950015470668045130201
1 0
18982396751670409648331808026836826538261012179831725701482760155871332198158 2769131599089405797448823617125716892973098987667457749921151529757660719808
4341746264502148861986032364595404834784813574324128397147622290478565367339 10365739110492971113053607339880722522394099092996486766008492774556885545592
1 0
675196702025959787914119498416740247652641572845910461821536342488530354224
16348286547187485040081203721548738229433370915355625694129543228045147333351
1
5102138346015240806819862039878302260571031096955509235541790128786185926952 17142979278945494224293199366363708704844568427067006374575897393600980929614
9722118637200210724808684206255325765014451839241778642665915693327190949907 19469545234827775195166576534423637514196536107818212123954805216813108290590
1 0
11062507205955957852941126859482900558280353394346779875569888852766224024178 4848402108738378681671893041991334392608739355368429065747882169139866272438
5471479543371903210211192095431018659563288818016763910595708561231079945264 17098207868348711238874188974468917599033139750104573654779846323644622193330
1 0
3
16405384337749304741821529568362893090785331963381823118471751555714786936634
6721008755766011263900570354677499723324116178091213390041536345056555823956
1
9714633206705957215891339107391197869384069627252328407932719707792276289737
6365115207661443976441030848327256936421137739704546126458466777393944570706
1
640488956719748260417161531226458942734326235158892904684764891139036828401
12977691180804705429636886033942984415614045530289291128601219530053928933489
1
